E4900K04V64G* C2004 11 13.11435 21 32 54.91 -15 50 33.6          18.3 Rdl9915703
E4900K04V64G  C2004 11 13.12103 21 32 58.59 -15 50 42.1          18.0 Rdl9915703
E4900K04V64G  C2004 11 13.12769 21 33 02.23 -15 50 49.8          17.5 Rdl9915703
E4900K04V64G  C2004 11 13.13435 21 33 05.85 -15 50 57.1          18.7 Rdl9915703
E4900K04V64G  C2004 11 13.18047 21 33 31.01 -15 51 53.1          18.2 Rdl9915703
E4900K04V64G  C2004 11 13.18100 21 33 31.28 -15 51 53.3          18.7 Rdl9915703
E4900K04V64G  C2004 11 13.18153 21 33 31.59 -15 51 53.8          18.1 Rdl9915703
E4900K04V64G  C2004 11 13.18205 21 33 31.94 -15 51 55.3          18.5 Rdl9915703
E4900K04V64G  C2004 11 13.18285 21 33 32.33 -15 51 56.5          18.6 Rdl9915703
E4900K04V64G  C2004 11 13.18338 21 33 32.58 -15 51 55.8          18.1 Rdl9915703
E4900K04V64G  C2004 11 13.18390 21 33 32.84 -15 51 57.0          18.4 Rdl9915703
E4900K04V64G  C2004 11 13.18443 21 33 33.14 -15 51 57.2          18.5 Rdl9915703
E4900K04V64G 1C2004 11 13.43158 21 35 48.77 -15 56 29.4          18.9 Rrl9915413
E4900K04V64G 1C2004 11 13.43616 21 35 51.24 -15 56 34.7          18.7 Rrl9915413
E4900K04V64G 1C2004 11 13.52406 21 36 38.47 -15 58 14.1          19.0 Rrl9915413
E4900K04V64G 1C2004 11 13.52826 21 36 40.72 -15 58 18.9          18.9 Rrl9915413
E4900K04V64G bC2004 11 13.74927 21 38 40.87 -16 02 58.5          18.5 Rrl9915J95
E4900K04V64G bC2004 11 13.76242 21 38 47.81 -16 03 13.7          18.2 Rrl9915J95
E4900K04V64G bC2004 11 13.76996 21 38 51.70 -16 03 21.1          19.0 Rrl9915J95
E4900K04V64G 1C2004 11 16.43988722 00 55.327-16 43 33.35         18.7 Rrl9915413
E4900K04V64G 1C2004 11 16.44387822 00 57.132-16 43 36.29         18.7 Rrl9915413
E4900K04V64G 1C2004 11 17.43860322 08 22.408-16 54 45.29         18.9 Rrl9915413
E4900K04V64G 1C2004 11 17.44657822 08 25.827-16 54 50.13         18.8 Rrl9915413
E4900K04V64G 1C2004 11 18.43865622 15 26.296-17 04 08.18         18.9 Rrl9915413
E4900K04V64G 1C2004 11 18.44628722 15 29.401-17 04 11.91         18.8 Rrl9915413
E4900K04V64G  C2004 11 19.20434 22 20 35.49 -17 10 29.0          19.5 Rrl9915448
E4900K04V64G  C2004 11 19.21626 22 20 40.03 -17 10 34.4          19.0 Rrl9915448
E4900K04V64G  C2004 11 19.22744 22 20 44.42 -17 10 39.4          19.3 Rrl9915448
E4900K04V64G 1C2004 11 22.45266 22 40 19.21 -17 26 53.0          19.3 Rrm0639413
E4900K04V64G 1C2004 11 22.46099 22 40 22.01 -17 26 54.3          19.2 Rrm0639413
E4900K04V64G 1C2004 11 23.43958522 45 42.250-17 29 32.98         19.1 Rrm0639413
E4900K04V64G 1C2004 11 23.44791222 45 44.862-17 29 33.90         19.1 Rrm0639413
E4900K04V64G 1C2004 11 24.42164422 50 48.851-17 31 16.81         19.4 Rrm0639413
E4900K04V64G 1C2004 11 24.42996922 50 51.345-17 31 17.49         19.4 Rrm0639413
E4900K04V64G  C2004 12 01.09237 23 20 13.49 -17 24 57.7          20.8 Rrm0639734
E4900K04V64G  C2004 12 01.10948 23 20 17.42 -17 24 54.1          20.7 Rrm0639734
E4900K04V64G  C2004 12 02.13149 23 24 08.24 -17 21 43.0          19.5 Rrm0639448
E4900K04V64G  C2004 12 02.13890 23 24 09.86 -17 21 41.7          19.1 Rrm0639448
E4900K04V64G  C2004 12 02.14603 23 24 11.40 -17 21 39.9          19.9 Rrm0639448
E4900K04V64G  C2004 12 09.08615 23 47 05.94 -16 50 21.5          19.9 Rrm1189448
E4900K04V64G  C2004 12 09.09587 23 47 07.65 -16 50 17.8          19.6 Rrm1189448
E4900K04V64G  C2004 12 09.10595 23 47 09.34 -16 50 13.3          20.3 Rrm1189448
E4900K04V64G 1C2004 12 14.47554 00 02 02.32 -16 17 20.0          20.3 Rrm1781413
E4900K04V64G 1C2004 12 14.47988 00 02 02.97 -16 17 17.9          20.4 Rrm1781413
E4900K04V64G  C2004 12 14.77836 00 02 49.68 -16 15 32.1                cm1781246
E4900K04V64G  C2004 12 14.77931 00 02 49.91 -16 15 30.4                cm1781246
E4900K04V64G  C2004 12 14.78007 00 02 50.03 -16 15 31.3                cm1781246
E4900K04V64G  C2004 12 14.78093 00 02 50.14 -16 15 30.1                cm1781246
E4900K04V64G  C2004 12 14.78240 00 02 50.30 -16 15 29.9                cm1781246
E4900K04V64G HC2005 01 18.09863 01 13 34.28 -11 34 00.2          22.3 Vdm4759291
E4900K04V64G HC2005 01 18.10472 01 13 34.93 -11 33 56.5          23   Vdm4759291
E4900K04V64G HC2005 01 18.11167 01 13 35.68 -11 33 52.7          22.8 Vdm4759291
E4900K04V64G  C2005 10 20.06506 17 40 20.10 +38 02 05.0          15.2 Vro6082703
E4900K04V64G  C2005 10 20.06535 17 40 21.54 +38 02 00.4          15.3 Vro6082703
E4900K04V64G  C2005 10 20.06594 17 40 24.42 +38 01 51.7          15.2 Vro6082703
E4900K04V64G  C2005 10 20.06624 17 40 25.89 +38 01 47.1          15.3 Vro6082703
E4900K04V64G  C2005 10 20.06683 17 40 28.81 +38 01 38.1          15.2 Vro6082703
E4900K04V64G  C2005 10 20.06712 17 40 30.25 +38 01 33.2          15.3 Vro6082703
E4900K04V64G  C2005 10 20.06771 17 40 33.16 +38 01 24.6          15.3 Vro6082703
E4900K04V64G  C2005 10 20.06800 17 40 34.60 +38 01 20.1          15.2 Vro6082703
E4900K04V64G  C2005 10 20.06911 17 40 40.08 +38 01 03.3          15.3 Vro6082703
E4900K04V64G  C2005 10 20.07000 17 40 44.50 +38 00 49.3          15.2 Vro6082703
E4900K04V64G  C2005 10 20.07088 17 40 48.79 +38 00 36.4          15.3 Vro6082703
E4900K04V64G  C2005 10 20.07176 17 40 53.11 +38 00 22.2          15.1 Vro6082703
E4900K04V64G  C2005 10 20.08770 17 42 11.40 +37 56 11.5          15.5 Roo6082715
E4900K04V64G  C2005 10 20.08791 17 42 12.46 +37 56 08.4          15.7 Roo6082715
E4900K04V64G  C2005 10 20.08807 17 42 13.89 +37 56 09.9          15.4 Vro6082703
E4900K04V64G  C2005 10 20.08812 17 42 13.55 +37 56 04.8          15.5 Roo6082715
E4900K04V64G  C2005 10 20.08833 17 42 14.55 +37 56 01.6          15.4 Roo6082715
E4900K04V64G  C2005 10 20.08868 17 42 16.88 +37 56 00.6          15.4 Vro6082703
E4900K04V64G  C2005 10 20.08897 17 42 18.36 +37 55 55.9          15.4 Vro6082703
E4900K04V64G  C2005 10 20.08912 17 42 18.40 +37 55 49.1          15.7 Roo6082715
E4900K04V64G  C2005 10 20.08933 17 42 19.45 +37 55 45.9          15.7 Roo6082715
E4900K04V64G  C2005 10 20.08954 17 42 20.48 +37 55 42.9          15.8 Roo6082715
E4900K04V64G  C2005 10 20.08957 17 42 21.31 +37 55 46.5          15.4 Vro6082703
E4900K04V64G  C2005 10 20.08975 17 42 21.56 +37 55 39.7          15.8 Roo6082715
E4900K04V64G  C2005 10 20.08986 17 42 22.78 +37 55 41.9          15.4 Vro6082703
E4900K04V64G  C2005 10 20.09046 17 42 25.74 +37 55 33.0          15.3 Vro6082703
E4900K04V64G  C2005 10 20.09075 17 42 27.18 +37 55 27.5          15.3 Vro6082703
E4900K04V64G  C2005 10 20.09134 17 42 30.13 +37 55 18.6          15.4 Vro6082703
E4900K04V64G  C2005 10 20.10228 17 43 24.49 +37 52 25.6          15.3 Vro6082703
E4900K04V64G  C2005 10 20.10406 17 43 33.34 +37 51 58.0          15.2 Vro6082703
E4900K04V64G  C2005 10 20.10495 17 43 37.77 +37 51 43.0          15.4 Vro6082703
E4900K04V64G  C2005 10 20.13013 17 45 43.41 +37 44 54.1          15.1 Vro6082703
E4900K04V64G  C2005 10 20.13099 17 45 47.80 +37 44 39.7          15.1 Vro6082703
E4900K04V64G  C2005 10 20.13189 17 45 52.20 +37 44 25.4          15.1 Vro6082703
E4900K04V64G  C2005 10 20.13278 17 45 56.70 +37 44 10.6          15.1 Vro6082703
E4900K04V64G  C2005 10 20.38982 18 08 01.27 +36 25 40.5          15.1 Vro6082379
E4900K04V64G  C2005 10 20.39005 18 08 02.47 +36 25 35.7          15.1 Vro6082379
E4900K04V64G  C2005 10 20.39028 18 08 03.61 +36 25 30.3          15.4 Vro6082379
E4900K04V64G  C2005 10 20.39098 18 08 07.25 +36 25 16.0          15.0 Vro6082379
E4900K04V64G  C2005 10 20.39379 18 08 21.71 +36 24 16.3          15.3 Vro6082379
E4900K04V64G  C2005 10 20.39405 18 08 23.03 +36 24 11.0          15.1 Vro6082379
E4900K04V64G  C2005 10 20.39483 18 08 27.05 +36 23 53.8          15.6 Vro6082379
E4900K04V64G  C2005 10 20.39509 18 08 28.43 +36 23 48.5          15.2 Vro6082379
E4900K04V64G  C2005 10 20.39535 18 08 29.73 +36 23 42.8          15.0 Vro6082379
E4900K04V64G  C2005 10 20.39667 18 08 36.56 +36 23 15.0          15.0 Vro6082379
E4900K04V64G  C2005 10 20.39693 18 08 37.87 +36 23 09.3          15.1 Vro6082379
E4900K04V64G  C2005 10 20.39771 18 08 41.93 +36 22 52.8          15.1 Vro6082379
E4900K04V64G  C2005 10 20.39797 18 08 43.26 +36 22 47.1          15.2 Vro6082379
E4900K04V64G  C2005 10 20.40003 18 08 53.85 +36 22 03.2          16.1 Vro6082379
E4900K04V64G  C2005 10 20.40055 18 08 56.52 +36 21 52.4          15.4 Vro6082379
E4900K04V64G  C2005 10 20.40107 18 08 59.20 +36 21 40.5          15.1 Vro6082379
E4900K04V64G  C2005 10 21.49013 19 42 33.21 +27 03 29.7          14.5 Vro6082379
E4900K04V64G  C2005 10 21.49039 19 42 34.51 +27 03 19.7          14.8 Vro6082379
E4900K04V64G  C2005 10 21.49065 19 42 35.74 +27 03 08.8          14.3 Vro6082379
E4900K04V64G  C2005 10 21.49299 19 42 46.86 +27 01 37.9          14.2 Vro6082379
E4900K04V64G  C2005 10 21.49325 19 42 48.15 +27 01 27.7          14.2 Vro6082379
E4900K04V64G  C2005 10 21.49754 19 43 08.60 +26 58 40.5          14.6 Vro6082379
E4900K04V64G  C2005 10 23.39673 21 38 51.04 +06 51 11.8          13.7 Vro6082379
E4900K04V64G  C2005 10 23.39698 21 38 51.68 +06 51 03.4          13.7 Vro6082379
E4900K04V64G  C2005 10 23.39725 21 38 52.33 +06 50 55.3          13.6 Vro6082379
E4900K04V64G  C2005 10 23.39777 21 38 53.61 +06 50 39.0          13.6 Vro6082379
E4900K04V64G  C2005 10 23.39803 21 38 54.27 +06 50 30.9          13.4 Vro6082379
E4900K04V64G  C2005 10 23.39966 21 38 58.33 +06 49 39.9          13.7 Vro6082379
E4900K04V64G  C2005 10 23.39991 21 38 58.98 +06 49 31.9          13.6 Vro6082379
E4900K04V64G  C2005 10 23.40018 21 38 59.61 +06 49 23.5          13.6 Vro6082379
E4900K04V64G  C2005 10 23.40122 21 39 02.20 +06 48 51.2          13.4 Vro6082379
E4900K04V64G  C2005 10 23.40260 21 39 05.65 +06 48 07.5          13.7 Vro6082379
E4900K04V64G  C2005 10 23.40312 21 39 06.93 +06 47 50.9          13.5 Vro6082379
E4900K04V64G  C2005 10 23.40364 21 39 08.21 +06 47 34.9          13.6 Vro6082379
E4900K04V64G  C2005 10 23.40416 21 39 09.52 +06 47 18.4          13.5 Vro6082379
E4900K04V64G  C2005 10 23.44235 21 40 43.51 +06 27 30.2          13.8 Vro6082379
E4900K04V64G  C2005 10 23.44272 21 40 44.46 +06 27 18.4          14.0 Vro6082379
E4900K04V64G  C2005 10 23.44310 21 40 45.36 +06 27 06.9          13.8 Vro6082379
E4900K04V64G  C2005 10 23.44769 21 40 56.60 +06 24 45.0          13.9 Vro6082379
E4900K04V64G  C2005 10 23.44889 21 40 59.47 +06 24 07.5          13.9 Vro6082379
E4900K04V64G  C2005 10 23.45019 21 41 02.68 +06 23 27.4          14.1 Vro6082379
E4900K04V64G  C2005 10 23.45046 21 41 03.30 +06 23 19.1          14.0 Vro6082379
E4900K04V64G  C2005 10 23.48499 21 42 26.79 +06 05 36.7          13.1 Rmo9555355
E4900K04V64G  C2005 10 23.48690 21 42 31.37 +06 04 38.4                mo9555355
E4900K04V64G  C2005 10 23.48858 21 42 35.43 +06 03 47.1                mo9555355
E4900K04V64G  C2005 10 23.48971 21 42 38.13 +06 03 12.5                mo9555355
E4900K04V64G  C2005 10 24.38007 22 13 42.38 -00 25 40.5          13.8 Vro6082379
E4900K04V64G  C2005 10 24.38051 22 13 43.12 -00 25 50.3          13.9 Vro6082379
E4900K04V64G  C2005 10 24.38231 22 13 46.23 -00 26 30.1          14.0 Vro6082379
E4900K04V64G  C2005 10 24.38412 22 13 49.32 -00 27 09.9          13.9 Vro6082379
E4900K04V64G  C2005 10 24.46144 22 16 00.07 -00 55 23.8          13.7 Vro6082379
E4900K04V64G  C2005 10 24.46877 22 16 12.15 -00 58 03.1          14.2 Rmo9555355
E4900K04V64G  C2005 10 24.46975 22 16 13.78 -00 58 24.7                mo9555355
E4900K04V64G  C2005 10 24.47059 22 16 15.15 -00 58 42.8                mo9555355
E4900K04V64G  C2005 10 24.47257 22 16 18.46 -00 59 24.9                mo9555355
E4900K04V64G  C2005 10 24.52208 22 17 40.15 -01 16 58.4          14.1 Vro6082379
E4900K04V64G  C2005 10 24.52542 22 17 45.61 -01 18 08.9          14.0 Vro6082379
E4900K04V64G  C2005 10 24.52844 22 17 50.56 -01 19 12.4          14.1 Vro6082379
E4900K04V64G  C2005 10 24.52911 22 17 51.68 -01 19 26.9          14.0 Vro6082379
E4900K04V64G  C2005 10 24.52977 22 17 52.71 -01 19 40.4          14.0 Vro6082379
E4900K04V64G  C2005 10 24.53110 22 17 54.90 -01 20 08.3          14.0 Vro6082379
E4900K04V64G  C2005 10 24.53177 22 17 55.98 -01 20 22.5          14.0 Vro6082379
E4900K04V64G  C2005 10 24.53243 22 17 57.05 -01 20 36.4          14.0 Vro6082379
E4900K04V64G  C2005 10 26.15357 22 52 50.56 -08 31 30.8          15.1  co6082704
E4900K04V64G  C2005 10 26.16516 22 53 01.57 -08 33 48.1          15.2  co6082704
E4900K04V64G  C2005 10 26.17675 22 53 12.56 -08 36 04.7          15.1  co6082704
E4900K04V64G  C2005 10 26.18838 22 53 23.58 -08 38 21.7          15.1  co6082704
E4900K04V64G  C2005 10 27.48363 23 11 09.15 -12 06 03.6          15.6 Vro6082379
E4900K04V64G  C2005 10 27.48431 23 11 09.59 -12 06 09.2          15.5 Vro6082379
E4900K04V64G  C2005 10 27.48630 23 11 10.87 -12 06 25.3          14.9 Vro6082379
E4900K04V64G  C2005 10 27.48697 23 11 11.31 -12 06 30.1          15.0 Vro6082379
E4900K04V64G  C2005 10 27.48763 23 11 11.75 -12 06 35.2          15.5 Vro6082379
E4900K04V64G  C2005 10 27.54213 23 11 47.47 -12 13 37.9          15.2 Vro6082379
E4900K04V64G  C2005 10 27.54309 23 11 48.10 -12 13 45.4          15.1 Vro6082379
E4900K04V64G  C2005 10 29.87895 23 32 18.19 -15 56 03.0          15.4 Roo7494A32
E4900K04V64G  C2005 10 29.88231 23 32 19.55 -15 56 16.8          15.3 Roo7494A32
E4900K04V64G  C2005 10 29.88455 23 32 20.41 -15 56 26.1          15.2 Roo7494A32
E4900K04V64G  C2005 10 29.88792 23 32 21.73 -15 56 40.0          15.3 Roo7494A32
E4900K04V64G  C2005 10 29.89127 23 32 23.01 -15 56 54.0          15.4 Roo7494A32
E4900K04V64G  C2005 10 30.75857 23 37 51.20 -16 51 22.7          16.4 Voo7494151
E4900K04V64G  C2005 10 30.75941 23 37 51.49 -16 51 25.7          16.4 Voo7494151
E4900K04V64G  C2005 10 30.76025 23 37 51.76 -16 51 28.6          16.6 Voo7494151
E4900K04V64G  C2005 10 30.76184 23 37 52.30 -16 51 34.1          16.5 Voo7494151
E4900K04V64G  C2005 10 30.76260 23 37 52.55 -16 51 36.8          16.4 Voo7494151
E4900K04V64G  C2005 10 30.76336 23 37 52.79 -16 51 39.1          16.7 Voo7494151
E4900K04V64G  C2005 10 30.77392 23 37 56.33 -16 52 15.2          16.1 Rro9555143
E4900K04V64G  C2005 10 30.77872 23 37 57.93 -16 52 31.6          16.1 Rro9555143
E4900K04V64G  C2005 10 30.78196 23 37 59.00 -16 52 42.8          16.1 Rro9555143
E4900K04V64G  C2005 10 30.85897 23 38 24.14 -16 57 06.6          15.4 Roo7494A32
E4900K04V64G  C2005 10 30.86008 23 38 24.49 -16 57 09.9          15.6 Roo7494A32
E4900K04V64G  C2005 10 30.86120 23 38 24.88 -16 57 13.7          15.5 Roo7494A32
E4900K04V64G  C2005 10 30.86233 23 38 25.23 -16 57 18.3          15.5 Roo7494A32
E4900K04V64G  C2005 10 30.86345 23 38 25.57 -16 57 21.6          15.5 Roo7494A32
E4900K04V64G  C2005 10 31.48061 23 41 46.00 -17 29 18.6          16.0 Vro7494379
E4900K04V64G  C2005 10 31.48461 23 41 47.16 -17 29 30.3          15.8 Vro7494379
E4900K04V64G  C2005 10 31.48860 23 41 48.30 -17 29 42.2          16.1 Vro7494379
E4900K04V64G  C2005 11 01.18821 23 45 09.25 -18 00 20.5          16.1 Rco7494844
E4900K04V64G  C2005 11 01.19194 23 45 10.23 -18 00 29.2          16.1 Rco7494844
E4900K04V64G  C2005 11 01.19567 23 45 11.25 -18 00 38.5          16.1 Rco7494844
E4900K04V64G  C2005 11 01.19940 23 45 12.24 -18 00 47.6          16.0 Rco7494844
E4900K04V64G  C2005 11 01.20126 23 45 12.71 -18 00 52.0          16.2 Rco7494844
E4900K04V64G  C2005 11 01.20311 23 45 13.19 -18 00 56.8          16.1 Rco7494844
E4900K04V64G  C2005 11 01.20498 23 45 13.72 -18 01 01.5          15.9 Rco7494844
E4900K04V64G  C2005 11 01.51164 23 46 38.30 -18 14 28.5          16.1 Vro7494379
E4900K04V64G  C2005 11 01.51963 23 46 40.29 -18 14 47.9          16.2 Vro7494379
E4900K04V64G  C2005 11 01.52162 23 46 40.72 -18 14 52.3          16.7 Vro7494379
E4900K04V64G  C2005 11 03.13498 23 52 58.62 -19 08 23.4          16.3 Rco7494844
E4900K04V64G  C2005 11 03.13685 23 52 58.97 -19 08 26.4          16.5 Rco7494844
E4900K04V64G  C2005 11 03.13873 23 52 59.36 -19 08 30.2          16.4 Rco7494844
E4900K04V64G  C2005 11 03.14060 23 52 59.72 -19 08 32.8          16.4 Rco7494844
E4900K04V64G  C2005 11 03.14248 23 53 00.08 -19 08 36.1          16.5 Rco7494844
E4900K04V64G  C2005 11 03.14435 23 53 00.46 -19 08 39.1          16.5 Rco7494844
E4900K04V64G  C2005 11 03.14622 23 53 00.85 -19 08 42.5          16.4 Rco7494844
E4900K04V64G  C2005 11 03.14808 23 53 01.20 -19 08 45.5          16.3 Rco7494844
E4900K04V64G  C2005 11 03.14995 23 53 01.58 -19 08 48.7          16.3 Rco7494844
E4900K04V64G  C2005 11 03.15182 23 53 01.94 -19 08 51.7          16.4 Rco7494844
E4900K04V64G  C2005 11 03.80244 23 55 15.33 -19 27 16.3          17.5  ip0717071
E4900K04V64G  C2005 11 03.80598 23 55 15.94 -19 27 21.6          17.6  ip0717071
E4900K04V64G  C2005 11 03.80772 23 55 16.36 -19 27 24.7          17.4  ip0717071
E4900K04V64G  C2005 11 04.16203 23 56 22.02 -19 35 16.6          16.7 Rco7494844
E4900K04V64G  C2005 11 04.16678 23 56 22.82 -19 35 23.6          16.9 Rco7494844
E4900K04V64G  C2005 11 04.17905 23 56 25.04 -19 35 40.1          16.9 Rco7494844
E4900K04V64G  C2005 11 04.19256 23 56 27.36 -19 35 58.0          16.8 Rco7494844
E4900K04V64G  C2005 11 05.17410 23 59 22.46 -19 57 57.9          16.0 Roo9555699
E4900K04V64G  C2005 11 05.19686 23 59 26.10 -19 58 26.7                oo9555699
E4900K04V64G  C2005 11 05.21961 23 59 29.57 -19 58 52.8                oo9555699
E4900K04V64G  C2005 11 06.17719 00 02 02.26 -20 16 06.6          16.2 Rop0717699
E4900K04V64G  C2005 11 06.20083 00 02 05.54 -20 16 29.9                op0717699
E4900K04V64G  C2005 11 06.22450 00 02 08.79 -20 16 53.2                op0717699
E4900K04V64G  C2005 11 06.24815 00 02 12.11 -20 17 15.8                op0717699
E4900K04V64G  C2005 11 08.05502 00 06 24.41 -20 41 47.0          17.0 Rco9555844
E4900K04V64G  C2005 11 08.06176 00 06 25.24 -20 41 52.3          17.5 Rco9555844
E4900K04V64G  C2005 11 08.06900 00 06 26.11 -20 41 56.5          17.2 Rco9555844
E4900K04V64G  C2005 11 08.08413 00 06 27.84 -20 42 07.4          17.5 Rco9555844
E4900K04V64G  C2005 11 08.09187 00 06 28.85 -20 42 11.9          17.2 Rco9555844
E4900K04V64G  C2005 11 22.15100 00 27 53.59 -21 20 47.3          18.4 Rop0717644
E4900K04V64G  C2005 11 22.17221 00 27 55.02 -21 20 44.0          18.6 Rop0717644
E4900K04V64G  C2005 11 22.19664 00 27 56.58 -21 20 40.1          18.8 Rop0717644
E4900K04V64G  C2006 09 24.47694 08 41 33.57 +36 24 30.9          19.1 Vrs1062703
E4900K04V64G  C2006 09 24.48125 08 41 31.84 +36 24 24.1          19.0 Vrs1062703
E4900K04V64G  C2006 09 24.48552 08 41 30.15 +36 24 17.8          18.8 Vrs1062703
E4900K04V64G  C2006 09 24.48980 08 41 28.46 +36 24 11.3          19.3 Vrs1062703
E4900K04V64G  C2006 10 02.42434 07 43 53.52 +30 57 56.2          18.5  cs2694704
E4900K04V64G  C2006 10 02.43788 07 43 46.91 +30 57 11.2          18.7  cs2694704
E4900K04V64G  C2006 10 02.45369 07 43 39.27 +30 56 17.8          18.7  cs2694704
E4900K04V64G  C2006 10 02.46675 07 43 32.84 +30 55 34.0          18.8  cs2694704
E4900K04V64G  C2006 10 02.47993 07 43 26.34 +30 54 49.0          18.7  cs2694704
E4900K04V64G  C2006 10 08.03144 06 55 53.08 +24 17 32.0          17.9 Vos2471198
E4900K04V64G  C2006 10 08.03231 06 55 52.62 +24 17 27.4          17.8 Vos2471198
E4900K04V64G  C2006 10 08.03267 06 55 52.40 +24 17 25.3          18.0 Vos2471198
E4900K04V64G  C2006 10 11.13283 06 26 48.66 +19 25 07.4                rs2956204
E4900K04V64G  C2006 10 11.13629 06 26 46.63 +19 24 46.1                rs2956204
E4900K04V64G  C2006 10 11.13951 06 26 44.74 +19 24 26.4          17.5 Rrs2956204
E4900        1C2006 10 12.03029 06 18 08.45 +17 51 20.8          15.8  rt6248084
E4900K04V64G  C2006 10 18.76693 05 11 34.14 +04 49 06.0          17.0 Vrs2956379
E4900K04V64G  C2006 10 18.76815 05 11 33.34 +04 48 56.5                rs2956379
E4900        1C2006 10 18.97526 05 09 32.40 +04 24 01.8          16.5  rt6248084
E4900        1C2006 10 18.97606 05 09 31.91 +04 23 56.0          16.3  rt6248084
E4900K04V64G  C2006 10 24.40433 04 18 47.10 -05 39 29.4          16.8 Rrs4072H45
E4900K04V64G  C2006 10 24.40572 04 18 46.37 -05 39 37.7          17.0 Rrs4072H45
E4900K04V64G  C2006 10 24.40718 04 18 45.57 -05 39 46.4          16.8 Rrs4072H45
E4900K04V64G  C2006 10 24.40784 04 18 45.23 -05 39 50.4          16.7 Rrs4072H45
E4900K04V64G  C2006 10 24.40838 04 18 44.93 -05 39 53.1          16.6 Rrs4072H45
E4900        1C2006 10 26.08059 04 04 27.08 -08 19 01.5          19.1 RiEF019071
E4900        1C2006 10 26.08332 04 04 25.87 -08 19 14.6          18.9 RiEF019071
E4900        1C2006 10 26.08546 04 04 24.67 -08 19 27.1          17.7 RiEF019071
E4900        1C2006 10 26.08737 04 04 23.68 -08 19 37.9          18.7 RiEF019071
E4900K04V64G  C2006 10 27.01784 03 56 47.91 -09 41 20.6          17.7 Vos4072151
E4900K04V64G  C2006 10 27.01846 03 56 47.62 -09 41 23.8          17.7 Vos4072151
E4900K04V64G  C2006 10 27.01907 03 56 47.34 -09 41 27.0          17.6 Vos4072151
E4900K04V64G  C2006 10 27.01969 03 56 47.02 -09 41 30.1          17.7 Vos4072151
E4900K04V64G  C2006 10 27.02030 03 56 46.71 -09 41 33.2          17.5 Vos4072151
E4900K04V64G  C2006 10 27.02092 03 56 46.42 -09 41 36.4          17.5 Vos4072151
E4900K04V64G  C2006 10 27.02153 03 56 46.12 -09 41 39.6          17.7 Vos4072151
E4900K04V64G  C2006 10 29.38864 03 38 32.15 -12 46 55.9          16.9 Rrs5461H45
E4900K04V64G  C2006 10 29.38981 03 38 31.62 -12 47 01.0          16.9 Rrs5461H45
E4900K04V64G  C2006 10 29.39040 03 38 31.34 -12 47 03.7          17.0 Rrs5461H45
E4900K04V64G  C2006 10 29.39143 03 38 30.88 -12 47 07.9          16.8 Rrs5461H45
E4900K04V64G  C2006 10 29.39214 03 38 30.58 -12 47 11.1          16.7 Rrs5461H45
E4900K04V64G  C2006 10 29.39317 03 38 30.12 -12 47 15.3          16.6 Rrs5461H45
E4900        1C2006 10 30.00695 03 34 04.13 -13 30 14.3          16.6  rt6248084
E4900        1C2006 10 30.00774 03 34 03.79 -13 30 17.6          16.2  rt6248084
E4900K04V64G  C2006 11 01.23794 03 18 54.90 -15 48 49.0          17.0 Vrs5461703
E4900K04V64G  C2006 11 01.24572 03 18 51.80 -15 49 15.8          17.1 Vrs5461703
E4900K04V64G  C2006 11 01.25354 03 18 48.67 -15 49 42.4          17.0 Vrs5461703
E4900K04V64G  C2006 11 01.26133 03 18 45.64 -15 50 09.0          17.2 Vrs5461703
E4900K04V64G  C2006 11 06.33114 02 49 48.69 -19 37 42.6          16.8 Ros6502644
E4900K04V64G  C2006 11 06.35145 02 49 42.42 -19 38 24.6          16.8 Ros6502644
E4900K04V64G  C2006 11 06.37175 02 49 36.18 -19 39 06.5          16.9 Ros6502644
E4900         C2007 09 14.43455 06 54 26.39 +28 18 26.7          19.9  cv7675704
E4900         C2007 09 14.44636 06 54 25.07 +28 17 59.5          19.7  cv7675704
E4900         C2007 09 14.45817 06 54 23.66 +28 17 31.5          19.4  cv7675704
E4900         C2007 09 14.46999 06 54 22.25 +28 17 04.1          19.5  cv7675704
E4900         C2007 10 18.37734 05 30 11.97 -00 59 51.1          18.6  cw2259704
E4900         C2007 10 18.38871 05 30 09.26 -01 00 35.1          18.9  cw2259704
E4900         C2007 10 18.40005 05 30 06.78 -01 01 16.9          19.2  cw2259704
E4900         C2007 10 18.41140 05 30 04.18 -01 01 59.9          19.2  cw2259704
E4900         C2007 10 18.42275 05 30 01.57 -01 02 42.6          19.2  cw2259704
E4900         C2007 11 02.36406 04 27 19.90 -15 28 48.7          18.1 Vrw6517703
E4900         C2007 11 02.37126 04 27 17.92 -15 29 09.2          18.5 Vrw6517703
E4900         C2007 11 02.37801 04 27 16.12 -15 29 29.0          18.1 Vrw6517703
E4900         C2007 11 02.38479 04 27 14.18 -15 29 49.3          18.3 Vrw6517703
E4900         C2007 11 14.30632 03 35 46.57 -22 47 25.7          18.9 Vrw8080703
E4900         C2007 11 14.31287 03 35 44.98 -22 47 34.1          18.8 Vrw8080703
E4900         C2007 11 14.31943 03 35 43.33 -22 47 44.1          19.1 Vrw8080703
E4900         C2007 11 14.32600 03 35 41.78 -22 47 54.0          18.7 Vrw8080703
E4900         C2008 10 22.36458 05 37 22.95 -07 50 17.9          19.8  c~00It704
E4900         C2008 10 22.37613 05 37 21.33 -07 50 50.5          19.6  c~00It704
E4900         C2008 10 22.38757 05 37 19.76 -07 51 22.7          20.0  c~00It704
E4900         C2008 10 22.39899 05 37 18.09 -07 51 55.9          19.8  c~00It704
E4900         C2008 10 22.41042 05 37 16.51 -07 52 28.0          19.8  c~00It704
E4900         C2008 11 24.31900 03 51 50.11 -27 13 39.0          19.8 Vr~01sy703
E4900         C2008 11 24.32421 03 51 49.06 -27 13 43.6          20.1 Vr~01sy703
E4900         C2008 11 24.32954 03 51 47.91 -27 13 47.3          19.0 Vr~01sy703
E4900         C2008 11 24.33493 03 51 46.83 -27 13 52.1          19.6 Vr~01sy703
E4900        HC2010 09 30.41387 06 21 56.87 +01 27 43.4          21.1 Vo~0NbK691
E4900        HC2010 09 30.43252 06 21 57.34 +01 27 10.3                o~0NbK691
E4900        HC2010 09 30.45122 06 21 57.76 +01 26 39.1          20.5 Vo~0NbK691
E4900        QC2010 12 12.57932 04 23 58.85 -35 48 43.9          20.1 Vr~0RicE12
E4900         C2011 10 26.62923 06 41 09.400-14 24 00.37         20.5 rL~0ZoQF51
E4900         C2011 10 26.63417 06 41 09.301-14 24 10.95         20.6 rL~0ZoQF51
E4900        |C2012 11 26.24489 06 42 29.11 -35 37 26.6          19.8 Vu~0lzo807
E4900        |C2012 11 26.24833 06 42 28.72 -35 37 34.5          19.8 Vu~0lzo807
E4900        |C2012 11 26.25176 06 42 28.30 -35 37 42.4          19.9 Vu~0lzo807
E4900        |C2012 11 26.25520 06 42 27.90 -35 37 50.3          19.8 Vu~0lzo807
E4900        |C2012 11 26.25863 06 42 27.50 -35 37 58.3          19.7 Vu~0lzo807
E4900        |C2013 12 01.33968 07 26 31.63 -41 04 44.5          20.6 Vu~0y0H807
E4900        |C2013 12 01.34340 07 26 31.33 -41 04 54.4          20.5 Vu~0y0H807
E4900        |C2013 12 01.34709 07 26 31.04 -41 05 04.1          20.6 Vu~0y0H807
E4900        |C2013 12 01.35076 07 26 30.75 -41 05 13.7          20.0 Vu~0y0H807
E4900        |C2013 12 01.35443 07 26 30.46 -41 05 23.4          20.3 Vu~0y0H807
E4900        |C2014 02 10.02162 01 50 28.12 -54 59 52.0          20.0 Vu~10nL807
E4900        |C2014 02 10.02421 01 50 27.38 -54 59 46.8          19.9 Vu~10nL807
E4900        |C2014 02 10.02678 01 50 26.60 -54 59 41.8          20.1 Vu~10nL807
E4900        |C2014 02 10.02934 01 50 25.82 -54 59 36.7          19.9 Vu~10nL807
E4900        |C2014 12 09.32008 08 31 47.72 -49 29 48.7          19.7 Vu~1E7K807
E4900        |C2014 12 09.32525 08 31 47.76 -49 30 05.3          20.0 Vu~1E7K807
E4900        |C2014 12 09.33393 08 31 47.83 -49 30 31.8          20.2 Vu~1E7K807
E4900        |C2015 01 01.34384 08 13 22.38 -71 14 30.0          19.1 Vu~1GCf807
E4900        |C2015 01 01.34699 08 13 21.63 -71 14 41.6          19.9 Vu~1GCf807
E4900        |C2015 01 01.35031 08 13 21.01 -71 14 53.3          19.8 Vu~1GCf807
E4900        |C2015 01 01.35332 08 13 20.47 -71 15 04.0          19.7 Vu~1GCf807
E4900        |C2015 01 01.35664 08 13 19.91 -71 15 16.0          19.9 Vu~1GCf807
E4900        |C2015 01 03.28827 08 07 14.90 -73 11 16.1          19.6 Vu~1GJt807
E4900        |C2015 01 03.29084 08 07 14.19 -73 11 25.5          19.3 Vu~1GJt807
E4900        |C2015 01 03.29367 08 07 13.54 -73 11 36.0          19.4 Vu~1GJt807
E4900        |C2015 01 03.29649 08 07 12.95 -73 11 45.6          19.5 Vu~1GJt807
E4900        |C2015 01 03.29959 08 07 12.22 -73 11 56.4          19.4 Vu~1GJt807
E4900        |C2015 12 08.34585 10 01 15.21 -48 55 11.7          19.6 Vu~1fl2807
E4900        |C2015 12 08.34768 10 01 15.58 -48 55 17.5          20.1 Vu~1fl2807
E4900        |C2015 12 08.34956 10 01 15.98 -48 55 23.4          20.4 Vu~1fl2807
E4900        |C2015 12 08.35144 10 01 16.34 -48 55 29.1          20.3 Vu~1fl2807
E4900        |C2015 12 08.35310 10 01 16.64 -48 55 34.0          20.1 Vu~1fl2807
E4900        |C2015 12 24.35383 11 25 12.38 -62 53 45.7          19.4 Vu~1hLy807
E4900        |C2015 12 24.35571 11 25 13.23 -62 53 50.6          19.3 Vu~1hLy807
E4900        |C2015 12 24.35758 11 25 14.20 -62 53 56.1          19.7 Vu~1hLy807
E4900        |C2015 12 24.35924 11 25 15.05 -62 54 00.8          19.5 Vu~1hLy807
E4900         C2023 01 09.22255023 41 04.488-09 00 14.12         20.93wU~6BnUF51
E4900         C2023 01 09.22767023 41 05.549-09 00 11.79         20.84wU~6BnUF51
E4900         C2023 01 09.23280223 41 06.617-09 00 09.36         20.95wU~6BnUF51
E4900        !C2023 12 14.04387 22 46 36.45 -13 23 29.5          20.0 rX~7koiW84
E4900        !C2023 12 14.06694 22 46 42.88 -13 23 24.6          20.0 rX~7koiW84
E4900        !C2023 12 14.07870 22 46 46.17 -13 23 22.1          20.0 rX~7koiW84
E4900        !C2024 01 10.04568 00 19 54.13 -10 36 07.3          20.8 rX~7t1gW84
E4900        !C2024 01 10.05715 00 19 55.94 -10 36 01.9          21.0 rX~7t1gW84
E4900        !C2024 01 10.06867 00 19 57.75 -10 35 56.5          20.9 rX~7t1gW84
E4900        !C2024 01 10.08018 00 19 59.57 -10 35 51.1          20.9 rX~7t1gW84
E4900         C2024 11 04.20006619 18 40.178-08 58 16.82         18.66oV~8RKKT08
E4900         C2024 11 04.20330119 18 42.612-08 58 27.05         18.78oV~8RKKT08
E4900         C2024 11 04.20884319 18 47.177-08 58 43.93         18.79oV~8RKKT08
E4900         C2024 11 04.22463219 18 59.662-08 59 32.35         18.82oV~8RKKT08
E4900        1C2024 11 18.08738921 48 40.154-16 06 19.12         18.91GV~8Up5703
E4900        1C2024 11 18.09197621 48 42.358-16 06 21.96         19.12GV~8Up5703
E4900        1C2024 11 18.09427021 48 43.495-16 06 25.27         18.34GV~8Up5703
E4900        1C2024 11 21.09876522 10 34.741-16 34 37.96         19.70GV~8Up5703
E4900        1C2024 11 21.10328522 10 36.548-16 34 37.81         20.12GV~8Up5703
E4900        1C2024 11 21.10554622 10 37.463-16 34 38.42         18.57GV~8Up5703
E4900        1C2024 12 03.08329823 13 09.667-16 47 50.82         19.75GV~8Up5G96
E4900        1C2024 12 03.08896923 13 11.028-16 47 49.85         19.41GV~8Up5G96
E4900        1C2024 12 03.09464123 13 12.385-16 47 48.91         19.55GV~8Up5G96
E4900        1C2024 12 03.10031123 13 13.728-16 47 47.87         19.65GV~8Up5G96
E4900        1C2025 10 20.09353916 57 24.188+18 39 28.62         18.10GV~9FLP703
E4900        1C2025 10 20.09588716 57 28.854+18 39 07.24               V~9FLP703
E4900        1C2025 10 20.09823116 57 33.556+18 38 45.96         18.25GV~9FLP703
E4900        1C2025 10 20.10057516 57 38.250+18 38 24.40         18.08GV~9FLP703
E4900        KB2025 10 21.82994018 01 34.925+13 01 48.79         17.1 GW~9FLPZ80
E4900        KB2025 10 21.83344118 01 43.222+13 00 58.93         17.2 GW~9FLPZ80
E4900        KB2025 10 21.83694118 01 51.516+13 00 08.71         17.3 GW~9FLPZ80
E4900        0C2025 10 23.81817319 21 37.574+04 15 14.94         16.55wV~9IUmR17
E4900        0C2025 10 23.83235619 22 10.426+04 11 19.28         16.28wV~9IUmR17
E4900        0C2025 10 23.84647919 22 43.133+04 07 24.71         16.53wV~9IUmR17
E4900        0C2025 10 23.86062119 23 15.888+04 03 29.70         16.11wV~9IUmR17
E4900        KC2025 10 24.81104319 58 59.278-00 12 12.35         16.3 GW~9FLPM14
E4900        KC2025 10 24.82838019 59 36.089-00 16 39.97         16.3 GW~9FLPM14
E4900        KC2025 10 25.81411620 32 46.368-04 13 17.08         16.0 GZ~9FLPJ69
E4900        KC2025 10 25.81601320 32 49.915-04 13 42.31         16.1 GZ~9FLPJ69
E4900        KC2025 10 25.81787320 32 53.366-04 14 06.83         16.1 GZ~9FLPJ69
E4900        KC2025 10 25.81974220 32 56.810-04 14 31.56         16.1 GZ~9FLPJ69
E4900        1C2025 10 26.08710120 41 11.170-05 11 54.80         15.81GV~9FLP703
E4900        1C2025 10 26.08942920 41 15.290-05 12 24.20         15.53GV~9FLP703
E4900        1C2025 10 26.09175720 41 19.442-05 12 53.89               V~9FLP703
E4900        1C2025 10 26.09408720 41 23.568-05 13 23.16               V~9FLP703
E4900        KB2025 10 26.80995421 01 44.71 -07 33 48.7          15.6 GX~9FLPL99
E4900        KB2025 10 26.81055521 01 45.70 -07 33 56.8          16.0 GX~9FLPL99
E4900        KB2025 10 26.81115721 01 46.68 -07 34 02.2          15.7 GX~9FLPL99
E4900        KB2025 10 26.81168321 01 47.53 -07 34 08.9          15.9 GX~9FLPL99
E4900        1C2025 10 28.15004721 33 58.180-11 03 35.96         16.01GV~9IUm703
E4900        1C2025 10 28.15235921 34 01.081-11 03 54.58         15.93GV~9IUm703
E4900        1C2025 10 28.15467421 34 03.990-11 04 12.97         15.93GV~9IUm703
E4900        1C2025 10 28.15698921 34 06.892-11 04 31.33         15.92GV~9IUm703
E4900        0C2025 10 28.76419621 46 26.100-12 18 49.61         15.72oV~9IUmM22
E4900        0C2025 10 28.78797421 46 52.889-12 21 33.77         15.93oV~9IUmM22
E4900        0C2025 10 28.79117821 46 56.484-12 21 55.91         15.70oV~9IUmM22
E4900        0B2025 10 28.79485 21 47 02.030-12 23 39.48         16.3 GV~9IUmR61
E4900        0C2025 10 28.79635521 47 02.302-12 22 31.51         15.69oV~9IUmM22
E4900        0B2025 10 28.80042 21 47 08.297-12 24 18.43         16.5 GV~9IUmR61
E4900        0B2025 10 28.80597 21 47 14.717-12 24 56.45         16.6 GV~9IUmR61
E4900         C2025 10 29.82517 22 05 04.09 -14 08 38.7          15.8 RV~9IUmM32
E4900         C2025 10 29.82627 22 05 05.12 -14 08 44.4          15.8 RV~9IUmM32
E4900         C2025 10 29.82737 22 05 06.19 -14 08 50.4          15.9 RV~9IUmM32
E4900         C2025 10 29.82847 22 05 07.21 -14 08 56.3          15.8 RV~9IUmM32
E4900         C2025 10 29.82957 22 05 08.25 -14 09 02.3          15.9 RV~9IUmM32
E4900        0C2025 10 30.00638122 07 57.324-14 23 25.12         15.99oV~9IUmW68
E4900        0C2025 10 30.01096322 08 01.478-14 23 48.95         15.93oV~9IUmW68
E4900        0C2025 10 30.01546622 08 05.590-14 24 12.24         16.05oV~9IUmW68
E4900        0C2025 10 30.02463822 08 13.906-14 24 59.44         16.10oV~9IUmW68
E4900        0C2025 11 03.35736022 57 06.446-18 24 14.94         16.83oV~9IUmT05
E4900        0C2025 11 03.36148922 57 08.424-18 24 23.00         16.75oV~9IUmT05
E4900        0C2025 11 03.36699522 57 11.021-18 24 33.84         16.73oV~9IUmT05
E4900        0C2025 11 03.37942122 57 16.901-18 24 58.07         16.74oV~9IUmT05
E4900        KB2025 11 03.79628 23 00 36.401-18 38 32.64         16.5 GV~9IUm160
E4900        KB2025 11 03.79846 23 00 37.397-18 38 36.64         17.0 GV~9IUm160
E4900        KB2025 11 03.80082 23 00 38.448-18 38 41.14         16.5 GV~9IUm160
E4900        KC2025 11 03.87748 23 01 12.59 -18 41 00.1          16.6 GX~9KxJG17
E4900        KC2025 11 03.89020 23 01 18.24 -18 41 23.0          16.7 GX~9KxJG17
E4900        KC2025 11 03.90293 23 01 23.93 -18 41 45.5          16.9 GX~9KxJG17
E4900        KB2025 11 04.79984 23 07 51.667-19 06 29.30         16.2 GV~9KxJ160
E4900        KB2025 11 04.80176 23 07 52.452-19 06 32.22         16.3 GV~9KxJ160
E4900        KB2025 11 04.80381 23 07 53.270-19 06 35.35         16.3 GV~9KxJ160
E4900        0C2025 11 04.86655423 08 18.941-19 08 02.87         17.13wV~9KxJR17
E4900        0C2025 11 04.88071723 08 24.442-19 08 24.00         17.12wV~9KxJR17
E4900        0C2025 11 04.89487323 08 29.950-19 08 45.06         17.23wV~9KxJR17
E4900        0C2025 11 04.90901223 08 35.405-19 09 05.98         17.20wV~9KxJR17
E4900        0C2025 11 05.10910723 09 54.365-19 13 19.88         16.91oV~9IUmW68
E4900        0C2025 11 05.11184823 09 55.414-19 13 24.06         17.14oV~9IUmW68
E4900        0C2025 11 05.11836923 09 57.905-19 13 32.92         16.82oV~9IUmW68
E4900        0C2025 11 05.14571523 10 08.270-19 14 10.61         16.90oV~9IUmW68
E4900        KB2025 11 05.79060 23 14 13.356-19 29 10.97         17.1 GV~9KxJ160
E4900        KB2025 11 05.79363 23 14 14.441-19 29 14.64         17.1 GV~9KxJ160
E4900        KB2025 11 05.79678 23 14 15.559-19 29 18.78         17.2 GV~9KxJ160
E4900        0C2025 11 08.38719423 27 57.809-20 11 29.22         17.30oV~9KxJT05
E4900        0C2025 11 08.39037123 27 58.687-20 11 31.52         17.28oV~9KxJT05
E4900        0C2025 11 08.39673623 28 00.360-20 11 36.38         17.47oV~9KxJT05
E4900        0C2025 11 08.40685323 28 03.110-20 11 43.22         17.32oV~9KxJT05
E4900         C2025 11 09.79589 23 34 07.92 -20 27 04.8          18.8 gq~9KxJM04
E4900         C2025 11 09.80079 23 34 08.99 -20 27 06.5          18.6 gq~9KxJM04
E4900         C2025 11 09.80568 23 34 10.07 -20 27 09.5          18.1 gq~9KxJM04
E4900        0C2025 11 11.08464523 39 07.082-20 37 16.82         17.81cV~9KxJW68
E4900        0C2025 11 11.09470423 39 09.180-20 37 21.22         17.92cV~9KxJW68
E4900        0C2025 11 11.09815023 39 09.929-20 37 22.04         18.01cV~9KxJW68
E4900        0C2025 11 11.10307123 39 10.985-20 37 24.31         17.95cV~9KxJW68
E4900        0C2025 11 12.30327923 43 24.288-20 45 15.41         17.76oV~9KxJT08
E4900        0C2025 11 12.30647823 43 24.876-20 45 16.27         17.92oV~9KxJT08
E4900        0C2025 11 12.31335423 43 26.184-20 45 18.65         17.74oV~9KxJT08
E4900        0C2025 11 12.31746723 43 26.990-20 45 19.73         17.91oV~9KxJT08
E4900        0C2025 11 12.32068323 43 27.602-20 45 20.95         17.77oV~9KxJT08
E4900        0C2025 11 12.32527023 43 28.462-20 45 22.36         17.90oV~9KxJT08
E4900        0C2025 11 12.32665623 43 28.742-20 45 22.57         17.74oV~9KxJT08
E4900        0C2025 11 12.33992223 43 31.260-20 45 26.39         17.75oV~9KxJT08
E4900        0C2025 11 12.85078423 45 12.144-20 47 37.82         18.06oV~9KxJM22
E4900        0C2025 11 12.85349623 45 12.670-20 47 38.15         17.75oV~9KxJM22
E4900        0C2025 11 12.85899423 45 13.656-20 47 39.91         17.73oV~9KxJM22
E4900        0C2025 11 12.88478323 45 18.451-20 47 46.57         17.80oV~9KxJM22
E4900        0C2025 11 13.06678023 45 54.053-20 48 37.80         17.77oV~9KxJW68
E4900        0C2025 11 13.09169323 45 58.574-20 48 43.81         17.82oV~9KxJW68
E4900        0C2025 11 13.12511623 46 04.658-20 48 52.02         17.81oV~9KxJW68
E4900        0C2025 11 13.14625823 46 08.506-20 48 56.99         17.88oV~9KxJW68
E4900        0C2025 11 15.36117823 52 40.493-20 56 01.18         19.02cV~9KxJT05
E4900        0C2025 11 15.36437823 52 41.004-20 56 01.43         18.35cV~9KxJT05
E4900        0C2025 11 15.37120823 52 42.055-20 56 01.82         18.45cV~9KxJT05
E4900        0C2025 11 15.38211923 52 43.769-20 56 02.76         18.35cV~9KxJT05
E4900        0C2025 11 15.85710323 54 01.378-20 56 32.21         18.27oV~9KxJM22
E4900        0C2025 11 15.86006223 54 01.781-20 56 32.68         18.11oV~9KxJM22
E4900        0C2025 11 15.88231223 54 05.282-20 56 33.72         18.35oV~9KxJM22
E4900        0C2025 11 15.90125223 54 08.165-20 56 34.80         18.20oV~9KxJM22
E4900        0C2025 11 17.10846623 57 15.439-20 57 43.60         18.56cV~9KxJW68
E4900        0C2025 11 17.13365223 57 19.027-20 57 44.21         18.51cV~9KxJW68
E4900        0C2025 11 17.13834923 57 19.687-20 57 43.85         18.32cV~9KxJW68
E4900        0C2025 11 17.15448323 57 22.020-20 57 43.56         18.75cV~9KxJW68
E4900        0C2025 11 18.84599500 01 25.200-20 57 22.00         18.62oV~9KxJM22
E4900        0C2025 11 18.85007500 01 25.735-20 57 22.07         18.28oV~9KxJM22
E4900        0C2025 11 18.85558700 01 26.436-20 57 22.21         18.62oV~9KxJM22
E4900        0C2025 11 18.88090200 01 29.789-20 57 20.16         18.35oV~9KxJM22
E4900        0C2025 11 23.07637900 10 20.611-20 48 56.16         18.94cV~9MxVW68
E4900        0C2025 11 23.07956200 10 20.892-20 48 56.02         18.96cV~9MxVW68
E4900        0C2025 11 23.08557500 10 21.605-20 48 54.72         19.06cV~9MxVW68
E4900        0C2025 11 23.09570600 10 22.726-20 48 52.20         19.40cV~9MxVW68
E4900         R2005 10 20.849306               +     8576820   2380 251 JPLRS251
E4900         r2005 10 20.849306C                        3000       251 JPLRS251
E4900         R2005 10 20.910417   4362206804                  2380 251 JPLRS251
E4900         r2005 10 20.910417C         1000                      251 JPLRS251
E4900         R2005 10 20.915278   4360896607                  2380 251 JPLRS251
E4900         r2005 10 20.915278C         1000                      251 JPLRS251
E4900         R2005 10 21.889583               -     7385076   2380 251 JPLRS251
E4900         r2005 10 21.889583C                        3000       251 JPLRS251
E4900         R2005 10 21.907639   4368330088                  2380 251 JPLRS251
E4900         r2005 10 21.907639C         1000                      251 JPLRS251
E4900         R2005 10 21.978472   4389862100                  2380 251 JPLRS251
E4900         r2005 10 21.978472C         1000                      251 JPLRS251
